{
  "armature_name": "SMPLH",
  "bone_count": 52,
  "root_bones": [
    "Pelvis"
  ],
  "bones": {
    "Pelvis": {
      "name": "Pelvis",
      "parent": null,
      "children": [
        "L_Hip",
        "R_Hip",
        "Spine1"
      ],
      "rest_pose": {
        "head": [
          -0.41638678312301636,
          -0.9003835320472717,
          -0.06316196918487549
        ],
        "tail": [
          -0.41891977190971375,
          -0.8736875057220459,
          0.04580102860927582
        ],
        "length": 0.11221420764923096,
        "matrix": [
          [
            0.9995883703231812,
            -0.022572798654437065,
            0.01770639792084694,
            -0.41638678312301636
          ],
          [
            0.022572798654437065,
            0.23790237307548523,
            -0.9710267782211304,
            -0.9003835320472717
          ],
          [
            0.01770639792084694,
            0.9710267782211304,
            0.23831391334533691,
            -0.06316196918487549
          ],
          [
            0.0,
            0.0,
            0.0,
            1.0
          ]
        ]
      },
      "pose": {
        "location": [
          0.0,
          0.0,
          0.0
        ],
        "rotation_quaternion": [
          1.0,
          -1.862645149230957e-08,
          -3.4924596548080444e-10,
          -9.313225746154785e-10
        ],
        "rotation_euler": [
          -3.725290298461914e-08,
          -6.984919864727601e-10,
          -1.862645149230957e-09
        ],
        "rotation_mode": "QUATERNION",
        "scale": [
          1.0,
          0.9999998807907104,
          1.0
        ],
        "matrix_world": [
          [
            0.9995883703231812,
            -0.022572794929146767,
            0.01770639605820179,
            -0.41638678312301636
          ],
          [
            0.022572798654437065,
            0.23790237307548523,
            -0.9710267782211304,
            -0.9003835320472717
          ],
          [
            0.01770639605820179,
            0.9710266590118408,
            0.2383139431476593,
            -0.06316196918487549
          ],
          [
            0.0,
            0.0,
            0.0,
            1.0
          ]
        ]
      }
    },
    "L_Hip": {
      "name": "L_Hip",
      "parent": "Pelvis",
      "children": [
        "L_Knee"
      ],
      "rest_pose": {
        "head": [
          -0.34686678647994995,
          -0.8935685157775879,
          -0.15456897020339966
        ],
        "tail": [
          -0.3125907778739929,
          -0.8890725374221802,
          -0.5297669768333435
        ],
        "length": 0.3767871856689453,
        "matrix": [
          [
            0.9918223023414612,
            0.09096916764974594,
            0.08951779454946518,
            -0.34686678647994995
          ],
          [
            -0.09097196161746979,
            0.011932387948036194,
            0.9957869648933411,
            -0.8935685157775879
          ],
          [
            0.08951768279075623,
            -0.9957823157310486,
            0.020109057426452637,
            -0.15456897020339966
          ],
          [
            0.0,
            0.0,
            0.0,
            1.0
          ]
        ]
      },
      "pose": {
        "location": [
          -2.9802322387695312e-08,
          7.450580596923828e-09,
          5.960464477539063e-08
        ],
        "rotation_quaternion": [
          1.0,
          3.2642859082443465e-07,
          3.2014235706867566e-10,
          9.90226709518538e-08
        ],
        "rotation_euler": [
          6.528571816488693e-07,
          6.402200436461669e-10,
          1.980453419037076e-07
        ],
        "rotation_mode": "QUATERNION",
        "scale": [
          1.0,
          0.8602954149246216,
          0.9999999403953552
        ],
        "matrix_world": [
          [
            0.9918223023414612,
            0.07826023548841476,
            0.08951772749423981,
            -0.34686681628227234
          ],
          [
            -0.09097196161746979,
            0.010265953838825226,
            0.9957869052886963,
            -0.8935684561729431
          ],
          [
            0.0895174890756607,
            -0.8566668629646301,
            0.020109646022319794,
            -0.15456897020339966
          ],
          [
            0.0,
            0.0,
            0.0,
            1.0
          ]
        ]
      }
    },
    "L_Knee": {
      "name": "L_Knee",
      "parent": "L_Hip",
      "children": [
        "L_Ankle"
      ],
      "rest_pose": {
        "head": [
          -0.3125907778739929,
          -0.8890725374221802,
          -0.5297669768333435
        ],
        "tail": [
          -0.32618579268455505,
          -0.8453795313835144,
          -0.927727997303009
        ],
        "length": 0.40058302879333496,
        "matrix": [
          [
            0.9989616274833679,
            -0.033938076347112656,
            -0.030399762094020844,
            -0.3125907778739929
          ],
          [
            0.033936016261577606,
            0.10907351970672607,
            0.9934592247009277,
            -0.8890725374221802
          ],
          [
            -0.030399901792407036,
            -0.9934543967247009,
            0.11011010408401489,
            -0.5297669768333435
          ],
          [
            0.0,
            0.0,
            0.0,
            1.0
          ]
        ]
      },
      "pose": {
        "location": [
          0.0,
          2.9802322387695312e-08,
          0.0
        ],
        "rotation_quaternion": [
          0.9999097585678101,
          -0.005364995915442705,
          -6.545459996232239e-07,
          -0.006485878489911556
        ],
        "rotation_euler": [
          -0.010730397887527943,
          -7.091017323546112e-05,
          -0.012972366064786911
        ],
        "rotation_mode": "QUATERNION",
        "scale": [
          0.9994447231292725,
          1.1490774154663086,
          0.9996209740638733
        ],
        "matrix_world": [
          [
            0.9973797798156738,
            -0.038184188306331635,
            -0.029539678245782852,
            -0.317379355430603
          ],
          [
            0.032389525324106216,
            0.11167711764574051,
            0.9943475723266602,
            -0.8897003531455994
          ],
          [
            -0.002375973854213953,
            -0.9849501252174377,
            0.08689619600772858,
            -0.4773500859737396
          ],
          [
            0.0,
            0.0,
            0.0,
            1.0
          ]
        ]
      }
    },
    "L_Ankle": {
      "name": "L_Ankle",
      "parent": "L_Knee",
      "children": [
        "L_Foot"
      ],
      "rest_pose": {
        "head": [
          -0.32618579268455505,
          -0.8453795313835144,
          -0.927727997303009
        ],
        "tail": [
          -0.29982778429985046,
          -0.9646674990653992,
          -0.9835189580917358
        ],
        "length": 0.13430137932300568,
        "matrix": [
          [
            0.6554532051086426,
            0.19626012444496155,
            0.7292896509170532,
            -0.32618579268455505
          ],
          [
            -0.1962631344795227,
            -0.8882110714912415,
            0.4154176414012909,
            -0.8453795313835144
          ],
          [
            0.7292898297309875,
            -0.4154161214828491,
            -0.5436597466468811,
            -0.9277279376983643
          ],
          [
            0.0,
            0.0,
            0.0,
            1.0
          ]
        ]
      },
      "pose": {
        "location": [
          -5.960464477539063e-08,
          0.0,
          5.21540641784668e-08
        ],
        "rotation_quaternion": [
          0.9849587082862854,
          0.10067515075206757,
          7.255637683556415e-06,
          0.14050742983818054
        ],
        "rotation_euler": [
          0.19972403347492218,
          -0.02828008495271206,
          0.2805604934692383
        ],
        "rotation_mode": "QUATERNION",
        "scale": [
          0.9987235069274902,
          1.039267897605896,
          0.999267041683197
        ],
        "matrix_world": [
          [
            0.7049292922019958,
            0.14990663528442383,
            0.690937340259552,
            -0.3326752781867981
          ],
          [
            -0.4250989258289337,
            -0.7251416444778442,
            0.5777039527893066,
            -0.844964325428009
          ],
          [
            0.5915944576263428,
            -0.6993953585624695,
            -0.41672754287719727,
            -0.8719044327735901
          ],
          [
            0.0,
            0.0,
            0.0,
            1.0
          ]
        ]
      }
    },
    "L_Foot": {
      "name": "L_Foot",
      "parent": "L_Ankle",
      "children": [],
      "rest_pose": {
        "head": [
          -0.29982778429985046,
          -0.9646674990653992,
          -0.9835189580917358
        ],
        "tail": [
          -0.29982778429985046,
          -0.9146674871444702,
          -0.9835189580917358
        ],
        "length": 0.04999975860118866,
        "matrix": [
          [
            1.0000005960464478,
            0.0,
            -5.960464477539063e-08,
            -0.29982778429985046
          ],
          [
            -1.4603137969970703e-06,
            1.0000051259994507,
            -2.2649765014648438e-06,
            -0.9646674990653992
          ],
          [
            -1.2218952178955078e-06,
            2.9802322387695312e-08,
            1.0000016689300537,
            -0.9835188984870911
          ],
          [
            0.0,
            0.0,
            0.0,
            1.0
          ]
        ]
      },
      "pose": {
        "location": [
          2.9802322387695312e-08,
          0.0,
          5.960464477539063e-08
        ],
        "rotation_quaternion": [
          0.22913488745689392,
          -0.879205048084259,
          -0.0025505826342850924,
          -0.4177190065383911
        ],
        "rotation_euler": [
          -2.5084028244018555,
          -0.8266851305961609,
          -0.27963486313819885
        ],
        "rotation_mode": "QUATERNION",
        "scale": [
          1.0025887489318848,
          0.9920798540115356,
          1.0058822631835938
        ],
        "matrix_world": [
          [
            0.7029531002044678,
            0.14937835931777954,
            0.6987270712852478,
            -0.312542587518692
          ],
          [
            -0.41923588514328003,
            -0.7305876016616821,
            0.5717761516571045,
            -0.9423518180847168
          ],
          [
            0.6025519967079163,
            -0.6822987794876099,
            -0.42511051893234253,
            -0.9658341407775879
          ],
          [
            0.0,
            0.0,
            0.0,
            1.0
          ]
        ]
      }
    },
    "R_Hip": {
      "name": "R_Hip",
      "parent": "Pelvis",
      "children": [
        "R_Knee"
      ],
      "rest_pose": {
        "head": [
          -0.48405778408050537,
          -0.896063506603241,
          -0.15368397533893585
        ],
        "tail": [
          -0.5223478078842163,
          -0.8872135281562805,
          -0.5362529754638672
        ],
        "length": 0.38458219170570374,
        "matrix": [
          [
            0.9903104901313782,
            -0.09956268221139908,
            -0.09681376069784164,
            -0.48405778408050537
          ],
          [
            0.09956423193216324,
            0.023011937737464905,
            0.9947670698165894,
            -0.896063506603241
          ],
          [
            -0.09681382775306702,
            -0.9947652220726013,
            0.03270123898983002,
            -0.15368396043777466
          ],
          [
            0.0,
            0.0,
            0.0,
            1.0
          ]
        ]
      },
      "pose": {
        "location": [
          0.0,
          1.4901161193847656e-08,
          0.0
        ],
        "rotation_quaternion": [
          1.0,
          1.5143095311032084e-07,
          2.7939677238464355e-09,
          -5.810615988366408e-08
        ],
        "rotation_euler": [
          3.028619062206417e-07,
          5.587953211261265e-09,
          -1.1621231976732815e-07
        ],
        "rotation_mode": "QUATERNION",
        "scale": [
          1.0,
          0.8364655375480652,
          1.0
        ],
        "matrix_world": [
          [
            0.9903104901313782,
            -0.08328067511320114,
            -0.09681371599435806,
            -0.48405778408050537
          ],
          [
            0.09956422448158264,
            0.019248953089118004,
            0.9947670698165894,
            -0.896063506603241
          ],
          [
            -0.09681370854377747,
            -0.8320867419242859,
            0.03270145133137703,
            -0.15368396043777466
          ],
          [
            0.0,
            0.0,
            0.0,
            1.0
          ]
        ]
      }
    },
    "R_Knee": {
      "name": "R_Knee",
      "parent": "R_Hip",
      "children": [
        "R_Ankle"
      ],
      "rest_pose": {
        "head": [
          -0.5223478078842163,
          -0.8872135281562805,
          -0.5362529754638672
        ],
        "tail": [
          -0.5065737962722778,
          -0.8449015021324158,
          -0.9346679449081421
        ],
        "length": 0.40096578001976013,
        "matrix": [
          [
            0.9986003637313843,
            0.039340030401945114,
            0.03535846620798111,
            -0.5223478078842163
          ],
          [
            -0.03933877497911453,
            0.10552528500556946,
            0.9936403036117554,
            -0.8872135281562805
          ],
          [
            0.03535837307572365,
            -0.9936383366584778,
            0.10692436993122101,
            -0.5362529754638672
          ],
          [
            0.0,
            0.0,
            0.0,
            1.0
          ]
        ]
      },
      "pose": {
        "location": [
          -5.960464477539063e-08,
          2.9802322387695312e-08,
          0.0
        ],
        "rotation_quaternion": [
          0.9998741149902344,
          -0.0053330291993916035,
          2.31459875976725e-06,
          0.008306159637868404
        ],
        "rotation_euler": [
          -0.010666527785360813,
          9.323700214736164e-05,
          0.016613533720374107
        ],
        "rotation_mode": "QUATERNION",
        "scale": [
          0.9990267157554626,
          1.1749247312545776,
          0.9996005296707153
        ],
        "matrix_world": [
          [
            0.9962034225463867,
            0.04521554708480835,
            0.03443329408764839,
            -0.5160861015319824
          ],
          [
            -0.03718860074877739,
            0.1078987866640091,
            0.9946029186248779,
            -0.888660728931427
          ],
          [
            -0.0005345840472728014,
            -0.9800416231155396,
            0.08384241908788681,
            -0.4736897349357605
          ],
          [
            0.0,
            0.0,
            0.0,
            1.0
          ]
        ]
      }
    },
    "R_Ankle": {
      "name": "R_Ankle",
      "parent": "R_Knee",
      "children": [
        "R_Foot"
      ],
      "rest_pose": {
        "head": [
          -0.5065737962722778,
          -0.8449015021324158,
          -0.9346679449081421
        ],
        "tail": [
          -0.5319457650184631,
          -0.968249499797821,
          -0.9828119874000549
        ],
        "length": 0.13481929898262024,
        "matrix": [
          [
            0.5837712287902832,
            -0.18819239735603333,
            -0.789807140827179,
            -0.5065737962722778
          ],
          [
            0.18819370865821838,
            -0.9149134755134583,
            0.35710054636001587,
            -0.8449015021324158
          ],
          [
            -0.7898070812225342,
            -0.3571004569530487,
            -0.49868243932724,
            -0.9346679449081421
          ],
          [
            0.0,
            0.0,
            0.0,
            1.0
          ]
        ]
      },
      "pose": {
        "location": [
          -2.9802322387695312e-08,
          0.0,
          -1.1920928955078125e-07
        ],
        "rotation_quaternion": [
          0.9780380129814148,
          0.1067793145775795,
          -2.2271837224252522e-05,
          -0.17909841239452362
        ],
        "rotation_euler": [
          0.2105741649866104,
          0.03821235150098801,
          -0.3581882417201996
        ],
        "rotation_mode": "QUATERNION",
        "scale": [
          0.997105598449707,
          1.0135551691055298,
          0.9987851977348328
        ],
        "matrix_world": [
          [
            0.642631471157074,
            -0.1293322741985321,
            -0.7500821948051453,
            -0.49795612692832947
          ],
          [
            0.48488566279411316,
            -0.7037978172302246,
            0.5319017171859741,
            -0.8453970551490784
          ],
          [
            -0.6158491373062134,
            -0.6851217150688171,
            -0.3588900566101074,
            -0.86665278673172
          ],
          [
            0.0,
            0.0,
            0.0,
            1.0
          ]
        ]
      }
    },
    "R_Foot": {
      "name": "R_Foot",
      "parent": "R_Ankle",
      "children": [],
      "rest_pose": {
        "head": [
          -0.5319457650184631,
          -0.968249499797821,
          -0.9828119874000549
        ],
        "tail": [
          -0.5319457650184631,
          -0.9182494878768921,
          -0.9828119874000549
        ],
        "length": 0.0499999076128006,
        "matrix": [
          [
            0.9999997019767761,
            0.0,
            0.0,
            -0.5319457650184631
          ],
          [
            1.7881393432617188e-06,
            1.0000020265579224,
            4.3213367462158203e-07,
            -0.968249499797821
          ],
          [
            -2.1457672119140625e-06,
            4.470348358154297e-08,
            0.999998152256012,
            -0.9828119874000549
          ],
          [
            0.0,
            0.0,
            0.0,
            1.0
          ]
        ]
      },
      "pose": {
        "location": [
          0.0,
          0.0,
          -2.9802322387695312e-08
        ],
        "rotation_quaternion": [
          0.9790158271789551,
          0.18011817336082458,
          0.0002444591955281794,
          -0.0953606367111206
        ],
        "rotation_euler": [
          0.36060631275177,
          0.034837786108255386,
          -0.1878456026315689
        ],
        "rotation_mode": "QUATERNION",
        "scale": [
          1.0003719329833984,
          0.9977154731750488,
          1.0019735097885132
        ],
        "matrix_world": [
          [
            0.9826107621192932,
            0.127996563911438,
            -0.10537461936473846,
            -0.5153926014900208
          ],
          [
            -0.16339242458343506,
            0.7058297991752625,
            -0.6986610889434814,
            -0.9402825832366943
          ],
          [
            -0.05124152824282646,
            0.6801915764808655,
            0.7155911922454834,
            -0.9590204358100891
          ],
          [
            0.0,
            0.0,
            0.0,
            1.0
          ]
        ]
      }
    },
    "Spine1": {
      "name": "Spine1",
      "parent": "Pelvis",
      "children": [
        "Spine2"
      ],
      "rest_pose": {
        "head": [
          -0.41891977190971375,
          -0.8736875057220459,
          0.04580102860927582
        ],
        "tail": [
          -0.413432776927948,
          -0.8747795224189758,
          0.18098102509975433
        ],
        "length": 0.13529570400714874,
        "matrix": [
          [
            0.9983417987823486,
            0.040555573999881744,
            -0.04085059463977814,
            -0.41891977190971375
          ],
          [
            -0.040555573999881744,
            -0.008071333169937134,
            -0.9991446733474731,
            -0.8736875057220459
          ],
          [
            -0.04085060954093933,
            0.9991447329521179,
            -0.006413251161575317,
            0.04580102860927582
          ],
          [
            0.0,
            0.0,
            0.0,
            1.0
          ]
        ]
      },
      "pose": {
        "location": [
          5.960464477539063e-08,
          0.0,
          -5.960464477539063e-08
        ],
        "rotation_quaternion": [
          1.0,
          8.149071639707017e-09,
          9.38598310185057e-10,
          9.31322685637781e-10
        ],
        "rotation_euler": [
          1.6298143279414035e-08,
          1.877196620370114e-09,
          1.862645371275562e-09
        ],
        "rotation_mode": "QUATERNION",
        "scale": [
          0.9999999403953552,
          1.0000004768371582,
          1.0000001192092896
        ],
        "matrix_world": [
          [
            0.9983417391777039,
            0.040555596351623535,
            -0.04085060581564903,
            -0.41891971230506897
          ],
          [
            -0.04055556654930115,
            -0.0080713527277112,
            -0.9991447925567627,
            -0.8736874461174011
          ],
          [
            -0.040850598365068436,
            0.9991450905799866,
            -0.006413223687559366,
            0.04580101743340492
          ],
          [
            0.0,
            0.0,
            0.0,
            1.0
          ]
        ]
      }
    },
    "Spine2": {
      "name": "Spine2",
      "parent": "Spine1",
      "children": [
        "Spine3"
      ],
      "rest_pose": {
        "head": [
          -0.413432776927948,
          -0.8747795224189758,
          0.18098102509975433
        ],
        "tail": [
          -0.41197577118873596,
          -0.9002045392990112,
          0.23390303552150726
        ],
        "length": 0.05873069167137146,
        "matrix": [
          [
            0.9989146590232849,
            0.024808255955576897,
            -0.03941980376839638,
            -0.413432776927948
          ],
          [
            -0.024808267131447792,
            -0.4329085350036621,
            -0.9010964035987854,
            -0.8747795224189758
          ],
          [
            -0.03941980376839638,
            0.9010964035987854,
            -0.43182334303855896,
            0.18098102509975433
          ],
          [
            0.0,
            0.0,
            0.0,
            1.0
          ]
        ]
      },
      "pose": {
        "location": [
          -2.9802322387695312e-08,
          0.0,
          0.0
        ],
        "rotation_quaternion": [
          1.0,
          1.5646243411993055e-07,
          -4.656613428188905e-10,
          -1.3969853718265313e-08
        ],
        "rotation_euler": [
          3.129248682398611e-07,
          -9.313183002568337e-10,
          -2.7939707436530625e-08
        ],
        "rotation_mode": "QUATERNION",
        "scale": [
          1.0000001192092896,
          0.9999978542327881,
          1.0
        ],
        "matrix_world": [
          [
            0.9989147186279297,
            0.024808233603835106,
            -0.03941982984542847,
            -0.4134327471256256
          ],
          [
            -0.02480825036764145,
            -0.43290796875953674,
            -0.9010964035987854,
            -0.874779462814331
          ],
          [
            -0.03941982612013817,
            0.9010946750640869,
            -0.43182373046875,
            0.18098105490207672
          ],
          [
            0.0,
            0.0,
            0.0,
            1.0
          ]
        ]
      }
    },
    "Spine3": {
      "name": "Spine3",
      "parent": "Spine2",
      "children": [
        "Neck",
        "L_Collar",
        "R_Collar"
      ],
      "rest_pose": {
        "head": [
          -0.41197577118873596,
          -0.9002045392990112,
          0.23390303552150726
        ],
        "tail": [
          -0.4147537648677826,
          -0.8573474884033203,
          0.4477740228176117
        ],
        "length": 0.21814043819904327,
        "matrix": [
          [
            0.9998643398284912,
            -0.01273488998413086,
            0.010435432195663452,
            -0.41197577118873596
          ],
          [
            0.012734882533550262,
            0.19646531343460083,
            -0.9804280400276184,
            -0.9002045392990112
          ],
          [
            0.010435432195663452,
            0.9804279804229736,
            0.19660091400146484,
            0.23390303552150726
          ],
          [
            0.0,
            0.0,
            0.0,
            1.0
          ]
        ]
      },
      "pose": {
        "location": [
          2.9802322387695312e-08,
          -7.450580596923828e-09,
          -5.960464477539063e-08
        ],
        "rotation_quaternion": [
          1.0,
          -1.8253936673318094e-07,
          3.4924596548080444e-10,
          5.820773196774098e-09
        ],
        "rotation_euler": [
          -3.650787334663619e-07,
          6.984940403853557e-10,
          1.1641546393548197e-08
        ],
        "rotation_mode": "QUATERNION",
        "scale": [
          1.0,
          1.0000009536743164,
          1.0
        ],
        "matrix_world": [
          [
            0.999864399433136,
            -0.012734922580420971,
            0.010435394942760468,
            -0.4119757115840912
          ],
          [
            0.012734915129840374,
            0.19646631181240082,
            -0.980427622795105,
            -0.9002043604850769
          ],
          [
            0.010435391217470169,
            0.9804277420043945,
            0.1965998113155365,
            0.2339029461145401
          ],
          [
            0.0,
            0.0,
            0.0,
            1.0
          ]
        ]
      }
    },
    "Neck": {
      "name": "Neck",
      "parent": "Spine3",
      "children": [
        "Head"
      ],
      "rest_pose": {
        "head": [
          -0.4147537648677826,
          -0.8573474884033203,
          0.4477740228176117
        ],
        "tail": [
          -0.40960177779197693,
          -0.9086965322494507,
          0.5127430558204651
        ],
        "length": 0.08297134190797806,
        "matrix": [
          [
            0.9898833632469177,
            0.0620935782790184,
            -0.12757326662540436,
            -0.4147537648677826
          ],
          [
            -0.06209355592727661,
            -0.6188769936561584,
            -0.7830299139022827,
            -0.8573474884033203
          ],
          [
            -0.12757328152656555,
            0.7830297946929932,
            -0.6087603569030762,
            0.4477740228176117
          ],
          [
            0.0,
            0.0,
            0.0,
            1.0
          ]
        ]
      },
      "pose": {
        "location": [
          0.0,
          -5.960464477539063e-08,
          -2.9802322387695312e-08
        ],
        "rotation_quaternion": [
          1.0,
          -3.0547363394362037e-07,
          -7.450580596923828e-09,
          7.450577044210149e-08
        ],
        "rotation_euler": [
          -6.109472678872407e-07,
          -1.4901115896748252e-08,
          1.4901154088420299e-07
        ],
        "rotation_mode": "QUATERNION",
        "scale": [
          1.0,
          1.0000015497207642,
          0.9999998807907104
        ],
        "matrix_world": [
          [
            0.9898834228515625,
            0.06209355592727661,
            -0.12757323682308197,
            -0.4147537052631378
          ],
          [
            -0.06209376081824303,
            -0.6188764572143555,
            -0.7830305695533752,
            -0.8573470711708069
          ],
          [
            -0.12757323682308197,
            0.7830303907394409,
            -0.6087603569030762,
            0.44777384400367737
          ],
          [
            0.0,
            0.0,
            0.0,
            1.0
          ]
        ]
      }
    },
    "Head": {
      "name": "Head",
      "parent": "Neck",
      "children": [],
      "rest_pose": {
        "head": [
          -0.40960177779197693,
          -0.9086965322494507,
          0.5127430558204651
        ],
        "tail": [
          -0.40960177779197693,
          -0.8586965203285217,
          0.5127430558204651
        ],
        "length": 0.05000000819563866,
        "matrix": [
          [
            0.9999997615814209,
            -7.450580596923828e-09,
            7.450580596923828e-09,
            -0.40960177779197693
          ],
          [
            1.4901161193847656e-08,
            1.0000001192092896,
            -1.1920928955078125e-07,
            -0.9086965322494507
          ],
          [
            0.0,
            0.0,
            0.9999997615814209,
            0.5127430558204651
          ],
          [
            0.0,
            0.0,
            0.0,
            1.0
          ]
        ]
      },
      "pose": {
        "location": [
          -2.9802322387695312e-08,
          0.0,
          0.0
        ],
        "rotation_quaternion": [
          0.43653354048728943,
          0.8968725204467773,
          -3.1152340707052417e-09,
          -0.07112115621566772
        ],
        "rotation_euler": [
          2.231630563735962,
          0.12792181968688965,
          -0.0626460537314415
        ],
        "rotation_mode": "QUATERNION",
        "scale": [
          0.9999999403953552,
          0.999998927116394,
          1.000001072883606
        ],
        "matrix_world": [
          [
            0.989883303642273,
            0.06209343671798706,
            -0.12757328152656555,
            -0.40960174798965454
          ],
          [
            -0.062093719840049744,
            -0.6188759803771973,
            -0.7830312848091125,
            -0.9086960554122925
          ],
          [
            -0.1275731325149536,
            0.7830294370651245,
            -0.6087611317634583,
            0.5127429366111755
          ],
          [
            0.0,
            0.0,
            0.0,
            1.0
          ]
        ]
      }
    },
    "L_Collar": {
      "name": "L_Collar",
      "parent": "Spine3",
      "children": [
        "L_Shoulder"
      ],
      "rest_pose": {
        "head": [
          -0.33313077688217163,
          -0.8661144971847534,
          0.3556530177593231
        ],
        "tail": [
          -0.24215377867221832,
          -0.8572465181350708,
          0.3861220180988312
        ],
        "length": 0.09635255485773087,
        "matrix": [
          [
            0.18360662460327148,
            0.9442094564437866,
            -0.2734173834323883,
            -0.33313077688217163
          ],
          [
            -0.9442095160484314,
            0.09203680604696274,
            -0.3162240982055664,
            -0.8661144971847534
          ],
          [
            -0.27341729402542114,
            0.3162241578102112,
            0.9084300994873047,
            0.3556530177593231
          ],
          [
            0.0,
            0.0,
            0.0,
            1.0
          ]
        ]
      },
      "pose": {
        "location": [
          -5.960464477539063e-08,
          0.0,
          -5.960464477539063e-08
        ],
        "rotation_quaternion": [
          1.0,
          2.5554970761731965e-07,
          -4.440892098500626e-16,
          7.631599885371543e-08
        ],
        "rotation_euler": [
          5.110994152346393e-07,
          -3.989323926539487e-14,
          1.5263199770743086e-07
        ],
        "rotation_mode": "QUATERNION",
        "scale": [
          1.0,
          0.3756612241268158,
          1.0000001192092896
        ],
        "matrix_world": [
          [
            0.18360677361488342,
            0.35470283031463623,
            -0.27341794967651367,
            -0.33313071727752686
          ],
          [
            -0.9442095756530762,
            0.034574784338474274,
            -0.3162231743335724,
            -0.8661141395568848
          ],
          [
            -0.2734180986881256,
            0.1187933087348938,
            0.9084293246269226,
            0.3556528687477112
          ],
          [
            0.0,
            0.0,
            0.0,
            1.0
          ]
        ]
      }
    },
    "L_Shoulder": {
      "name": "L_Shoulder",
      "parent": "L_Collar",
      "children": [
        "L_Elbow"
      ],
      "rest_pose": {
        "head": [
          -0.24215377867221832,
          -0.8572465181350708,
          0.3861220180988312
        ],
        "tail": [
          0.017458220943808556,
          -0.8297905325889587,
          0.37335002422332764
        ],
        "length": 0.26137202978134155,
        "matrix": [
          [
            0.10720633715391159,
            0.9932660460472107,
            0.04392233490943909,
            -0.24215379357337952
          ],
          [
            -0.9932661652565002,
            0.10504560172557831,
            0.04886513948440552,
            -0.8572465181350708
          ],
          [
            0.04392227530479431,
            -0.04886519908905029,
            0.9978391528129578,
            0.3861220180988312
          ],
          [
            0.0,
            0.0,
            0.0,
            1.0
          ]
        ]
      },
      "pose": {
        "location": [
          1.7881393432617188e-07,
          0.0,
          1.4901161193847656e-08
        ],
        "rotation_quaternion": [
          0.9998566508293152,
          -0.016602259129285812,
          -0.001985962735489011,
          0.0026281755417585373
        ],
        "rotation_euler": [
          -0.03321656584739685,
          -0.003884099191054702,
          0.005321606993675232
        ],
        "rotation_mode": "QUATERNION",
        "scale": [
          0.9999237656593323,
          1.9438490867614746,
          0.9254439473152161
        ],
        "matrix_world": [
          [
            0.09493177384138107,
            0.8721872568130493,
            -0.14320780336856842,
            -0.29895418882369995
          ],
          [
            -0.9941471815109253,
            0.10824619233608246,
            0.03130106255412102,
            -0.8627829551696777
          ],
          [
            0.04159780591726303,
            -0.5126394629478455,
            0.8496121168136597,
            0.36709892749786377
          ],
          [
            0.0,
            0.0,
            0.0,
            1.0
          ]
        ]
      }
    },
    "L_Elbow": {
      "name": "L_Elbow",
      "parent": "L_Shoulder",
      "children": [
        "L_Wrist"
      ],
      "rest_pose": {
        "head": [
          0.017458220943808556,
          -0.8297905325889587,
          0.37335002422332764
        ],
        "tail": [
          0.26669222116470337,
          -0.8286195397377014,
          0.3823360204696655
        ],
        "length": 0.24939870834350586,
        "matrix": [
          [
            0.005987326614558697,
            0.9993395209312439,
            -0.03583855926990509,
            0.017458170652389526
          ],
          [
            -0.9993396997451782,
            0.004695250187069178,
            -0.03603065386414528,
            -0.8297905325889587
          ],
          [
            -0.035838548094034195,
            0.03603065013885498,
            0.9987078309059143,
            0.37335002422332764
          ],
          [
            0.0,
            0.0,
            0.0,
            1.0
          ]
        ]
      },
      "pose": {
        "location": [
          0.0,
          0.0,
          0.0
        ],
        "rotation_quaternion": [
          0.9990723729133606,
          -0.03733578324317932,
          0.003555530682206154,
          0.013605067506432533
        ],
        "rotation_euler": [
          -0.07459675520658493,
          0.008122599683701992,
          0.026930615305900574
        ],
        "rotation_mode": "QUATERNION",
        "scale": [
          0.9988772869110107,
          1.2009762525558472,
          1.000240683555603
        ],
        "matrix_world": [
          [
            0.04627401754260063,
            1.0514904260635376,
            -0.14677533507347107,
            -0.07098883390426636
          ],
          [
            -0.9969190359115601,
            0.04538790509104729,
            -0.05929576978087425,
            -0.8344904184341431
          ],
          [
            0.0004806038923561573,
            -0.6022770404815674,
            0.8574568033218384,
            0.23310931026935577
          ],
          [
            0.0,
            0.0,
            0.0,
            1.0
          ]
        ]
      }
    },
    "L_Wrist": {
      "name": "L_Wrist",
      "parent": "L_Elbow",
      "children": [
        "L_Hand_0",
        "L_Hand_3",
        "L_Hand_6",
        "L_Hand_9",
        "L_Hand_12"
      ],
      "rest_pose": {
        "head": [
          0.26669222116470337,
          -0.8286195397377014,
          0.3823360204696655
        ],
        "tail": [
          0.3691752254962921,
          -0.8501105308532715,
          0.3733540177345276
        ],
        "length": 0.10509665310382843,
        "matrix": [
          [
            -0.195306196808815,
            0.9751309156417847,
            0.10476122796535492,
            0.2666921615600586
          ],
          [
            -0.9751311540603638,
            -0.2044878602027893,
            0.0854642391204834,
            -0.8286195397377014
          ],
          [
            0.1047612726688385,
            -0.08546420931816101,
