{
  "object_name": "SMPL_H_Armature",
  "object_type": "ARMATURE",
  "timestamp": "0",
  "object_transforms": {
    "location": [
      0.0,
      0.0,
      0.0
    ],
    "rotation_euler": [
      0.0,
      0.0,
      0.0
    ],
    "rotation_quaternion": [
      1.0,
      0.0,
      0.0,
      0.0
    ],
    "rotation_mode": "QUATERNION",
    "scale": [
      1.0,
      1.0,
      1.0
    ],
    "matrix_world": [
      [
        1.0,
        0.0,
        0.0,
        0.0
      ],
      [
        0.0,
        1.0,
        0.0,
        0.0
      ],
      [
        0.0,
        0.0,
        1.0,
        0.0
      ],
      [
        0.0,
        0.0,
        0.0,
        1.0
      ]
    ],
    "matrix_local": [
      [
        1.0,
        0.0,
        0.0,
        0.0
      ],
      [
        0.0,
        1.0,
        0.0,
        0.0
      ],
      [
        0.0,
        0.0,
        1.0,
        0.0
      ],
      [
        0.0,
        0.0,
        0.0,
        1.0
      ]
    ],
    "parent": null,
    "parent_type": null
  },
  "bones": {
    "edit_bones": {
      "Pelvis": {
        "head": [
          -0.41638678312301636,
          -0.06316196918487549,
          0.9003835320472717
        ],
        "tail": [
          -0.41487792134284973,
          -0.09531956166028976,
          1.007880687713623
        ],
        "matrix": [
          [
            0.999746561050415,
            0.013446264900267124,
            -0.018055303022265434
          ],
          [
            -0.013446394354104996,
            -0.28657329082489014,
            -0.9579640030860901
          ],
          [
            -0.018055206164717674,
            0.9579640030860901,
            -0.2863199710845947
          ]
        ],
        "matrix_local": [
          [
            0.999746561050415,
            0.013446264900267124,
            -0.018055303022265434,
            -0.41638678312301636
          ],
          [
            -0.013446394354104996,
            -0.28657329082489014,
            -0.9579640030860901,
            -0.06316196918487549
          ],
          [
            -0.018055206164717674,
            0.9579640030860901,
            -0.2863199710845947,
            0.9003835320472717
          ],
          [
            0.0,
            0.0,
            0.0,
            1.0
          ]
        ],
        "parent": null,
        "length": 0.11221419274806976,
        "use_deform": true
      },
      "L_Hip": {
        "head": [
          -0.0679277777671814,
          -0.20092076063156128,
          0.027416478842496872
        ],
        "tail": [
          -0.1151256114244461,
          -0.5480762124061584,
          0.16606701910495758
        ],
        "matrix": [
          [
            0.9778335094451904,
            -0.12526391446590424,
            -0.16778051853179932
          ],
          [
            -0.17737793922424316,
            -0.9213569760322571,
            -0.3458876609802246
          ],
          [
            -0.11125901341438293,
            0.36798110604286194,
            -0.9231523275375366
          ]
        ],
        "matrix_local": [
          [
            0.9772093892097473,
            -0.14426499605178833,
            -0.15572108328342438,
            -0.48598513007164
          ],
          [
            0.1442655771970749,
            -0.08679202198982239,
            0.985724925994873,
            -0.06309165060520172
          ],
          [
            -0.15572099387645721,
            -0.9857255220413208,
            -0.06400167942047119,
            0.8087823987007141
          ],
          [
            0.0,
            0.0,
            0.0,
            1.0
          ]
        ],
        "parent": "Pelvis",
        "length": 0.37678709626197815,
        "use_deform": true
      },
      "L_Knee": {
        "head": [
          -6.933623808436096e-08,
          -1.68981362236309e-08,
          -3.669104131631684e-08
        ],
        "tail": [
          0.048347942531108856,
          0.3974176347255707,
          -0.01372917927801609
        ],
        "matrix": [
          [
            0.9830678701400757,
            0.12069409340620041,
            0.13787807524204254
          ],
          [
            -0.12424831837415695,
            0.9920979738235474,
            0.017437024042010307
          ],
          [
            -0.1346840113401413,
            -0.034272897988557816,
            0.9902956485748291
          ]
        ],
        "matrix_local": [
          [
            0.9995609521865845,
            -0.019844600930809975,
            -0.021989718079566956,
            -0.540342390537262
          ],
          [
            0.019845232367515564,
            -0.10247783362865448,
            0.9945367574691772,
            -0.09579381346702576
          ],
          [
            -0.021989567205309868,
            -0.994537353515625,
            -0.10203921794891357,
            0.4373737573623657
          ],
          [
            0.0,
            0.0,
            0.0,
            1.0
          ]
        ],
        "parent": "L_Hip",
        "length": 0.40058308839797974,
        "use_deform": true
      },
      "L_Ankle": {
        "head": [
          -6.259550389131618e-08,
          -9.0564498123058e-08,
          -5.3031840252515394e-08
        ],
        "tail": [
          -0.07571975886821747,
          0.027887219563126564,
          0.10735855251550674
        ],
        "matrix": [
          [
            0.8189406394958496,
            -0.5638014674186707,
            -0.10707035660743713
          ],
          [
            0.015076756477355957,
            0.20764616131782532,
            -0.9780877828598022
          ],
          [
            0.5736801028251648,
            0.7993816137313843,
            0.17855015397071838
          ]
        ],
        "matrix_local": [
          [
            0.8056668043136597,
            -0.5852527618408203,
            -0.09153985977172852,
            -0.5482918620109558
          ],
          [
            0.5852530002593994,
            0.7625464797019958,
            0.2756821811199188,
            -0.13684473931789398
          ],
          [
            -0.09154041856527328,
            -0.27568238973617554,
            0.9568801522254944,
            0.03897899389266968
          ],
          [
            0.0,
            0.0,
            0.0,
            1.0
          ]
        ],
        "parent": "L_Knee",
        "length": 0.1343020647764206,
        "use_deform": true
      },
      "L_Foot": {
        "head": [
          8.050567146256071e-08,
          1.0791360693929164e-08,
          -1.1575021829912657e-08
        ],
        "tail": [
          0.07860074192285538,
          0.1024116799235344,
          0.03702470287680626
        ],
        "matrix": [
          [
            0.8056671023368835,
            0.5852528214454651,
            -0.09154043346643448
          ],
          [
            -0.5852528810501099,
            0.7625472545623779,
            -0.2756822109222412
          ],
          [
            -0.0915398970246315,
            0.27568238973617554,
            0.9568801522254944
          ]
        ],
        "matrix_local": [
          [
            0.9999996423721313,
            -3.5390257835388184e-08,
            0.0,
            -0.6268924474716187
          ],
          [
            6.277114152908325e-07,
            0.9999994039535522,
            0.0,
            -0.034433118999004364
          ],
          [
            9.685754776000977e-08,
            -1.1920928955078125e-07,
            1.0,
            0.0019542574882507324
          ],
          [
            0.0,
            0.0,
            0.0,
            1.0
          ]
        ],
        "parent": "L_Ankle",
        "length": 0.1343020647764206,
        "use_deform": true
      },
      "R_Hip": {
        "head": [
          0.06924573332071304,
          -0.19755813479423523,
          0.026714935898780823
        ],
        "tail": [
          0.15652358531951904,
          -0.5526250004768372,
          0.145935520529747
        ],
        "matrix": [
          [
            0.9535144567489624,
            0.2269420027732849,
            0.19825924932956696
          ],
          [
            0.2754310667514801,
            -0.9232534766197205,
            -0.26784440875053406
          ],
          [
            0.12225927412509918,
            0.3100002408027649,
            -0.9428422451019287
          ]
        ],
        "matrix_local": [
          [
            0.9547688961029053,
            0.20887303352355957,
            0.21163079142570496,
            -0.3487884998321533
          ],
          [
            -0.2088724970817566,
            -0.03544086217880249,
            0.9773001074790955,
            -0.06522772461175919
          ],
          [
            0.2116318643093109,
            -0.9773002862930298,
            0.009789645671844482,
            0.8097278475761414
          ],
          [
            0.0,
            0.0,
            0.0,
            1.0
          ]
        ],
        "parent": "Pelvis",
        "length": 0.38458219170570374,
        "use_deform": true
      },
      "R_Knee": {
        "head": [
          -7.863348194803166e-09,
          2.886177163929915e-08,
          6.989695489068026e-09
        ],
        "tail": [
          -0.05851445719599724,
          0.39577388763427734,
          -0.026696141809225082
        ],
        "matrix": [
          [
            0.9748826026916504,
            -0.14593377709388733,
            -0.16824759542942047
          ],
          [
            0.15492740273475647,
            0.9870514273643494,
            0.04155725985765457
          ],
          [
            0.16000443696975708,
            -0.06657961755990982,
            0.9848684072494507
          ]
        ],
        "matrix_local": [
          [
            0.9970095753669739,
            0.05274510756134987,
            0.05647110939025879,
            -0.26845964789390564
          ],
          [
            -0.052744582295417786,
            -0.06956867128610611,
            0.9961814880371094,
            -0.07885763794183731
          ],
          [
            0.05647201091051102,
            -0.9961816668510437,
            -0.06657896190881729,
            0.43387553095817566
          ],
          [
            0.0,
            0.0,
            0.0,
            1.0
          ]
        ],
        "parent": "R_Hip",
        "length": 0.4009658098220825,
        "use_deform": true
      },
      "R_Ankle": {
        "head": [
          2.8423189135651228e-08,
          3.1778778719626644e-08,
          -3.754942135003603e-09
        ],
        "tail": [
          0.06898463517427444,
          0.031810857355594635,
          0.11137986928224564
        ],
        "matrix": [
          [
            0.8502059578895569,
            0.5116814970970154,
            0.12382234632968903
          ],
          [
            -0.0004772171378135681,
            0.2359512895345688,
            -0.9717648029327393
          ],
          [
            -0.5264500975608826,
            0.8261411190032959,
            0.20085127651691437
          ]
        ],
        "matrix_local": [
          [
            0.8179090619087219,
            0.56924968957901,
            0.08353852480649948,
            -0.24731063842773438
          ],
          [
            -0.5692504048347473,
            0.779583215713501,
            0.261157751083374,
            -0.10675230622291565
          ],
          [
            0.08353874087333679,
            -0.261158287525177,
            0.9616743326187134,
            0.03444072604179382
          ],
          [
            0.0,
            0.0,
            0.0,
            1.0
          ]
        ],
        "parent": "R_Knee",
        "length": 0.13481943309307098,
        "use_deform": true
      },
      "R_Foot": {
        "head": [
          -9.404706347027059e-09,
          1.3451999514302315e-08,
          4.147402421494917e-10
        ],
        "tail": [
          -0.07674608379602432,
          0.10510295629501343,
          0.03520913049578667
        ],
        "matrix": [
          [
            0.817908763885498,
            -0.5692509412765503,
            0.08353853225708008
          ],
          [
            0.5692508816719055,
            0.7795831561088562,
            -0.26115792989730835
          ],
          [
            0.08353916555643082,
            0.26115772128105164,
            0.9616744518280029
          ]
        ],
        "matrix_local": [
          [
            0.9999996423721313,
            -1.3113021850585938e-06,
            -2.8312206268310547e-07,
            -0.1705647110939026
          ],
          [
            4.377216100692749e-07,
            0.9999996423721313,
            2.9802322387695312e-08,
            -0.001649320125579834
          ],
          [
            -3.725290298461914e-08,
            -4.470348358154297e-07,
            0.9999998807907104,
            -0.0007684901356697083
          ],
          [
            0.0,
            0.0,
            0.0,
            1.0
          ]
        ],
        "parent": "R_Ankle",
        "length": 0.1348194032907486,
        "use_deform": true
      },
      "Spine1": {
        "head": [
          0.0,
          0.0,
          -0.0
        ],
        "tail": [
          -0.009327176958322525,
          0.13199326395988464,
          -0.02820873260498047
        ],
        "matrix": [
          [
            0.9950920343399048,
            -0.06893914937973022,
            0.07098876684904099
          ],
          [
            0.052374258637428284,
            0.9755903482437134,
            0.2132614254951477
          ],
          [
            -0.08395801484584808,
            -0.20849676430225372,
            0.974412739276886
          ]
        ],
        "matrix_local": [
          [
            0.9970599412918091,
            -0.05203915759921074,
            0.05624502897262573,
            -0.41487792134284973
          ],
          [
            0.05203929543495178,
            -0.07891878485679626,
            -0.9955219030380249,
            -0.09531955420970917
          ],
          [
            0.05624491721391678,
            0.9955219626426697,
            -0.07597877085208893,
            1.007880687713623
          ],
          [
            0.0,
            0.0,
            0.0,
            1.0
          ]
        ],
        "parent": "Pelvis",
        "length": 0.1352957934141159,
        "use_deform": true
      },
      "Spine2": {
        "head": [
          -3.204103649068202e-08,
          5.078835574323648e-09,
          4.2827061008665623e-08
        ],
        "tail": [
          0.002142513170838356,
          0.05049847438931465,
          -0.029909778386354446
        ],
        "matrix": [
          [
            0.9993336796760559,
            0.03648090362548828,
            0.0011603748425841331
          ],
          [
            -0.03198006749153137,
            0.8598324060440063,
            0.5095739364624023
          ],
          [
            0.017591988667845726,
            -0.509271502494812,
            0.860426127910614
          ]
        ],
        "matrix_local": [
          [
            0.9990492463111877,
            -0.03701529651880264,
            0.023033855482935905,
            -0.4219186305999756
          ],
          [
            0.03701523691415787,
            0.44103240966796875,
            -0.8967276215553284,
            -0.1059969812631607
          ],
          [
            0.02303396351635456,
            0.8967278003692627,
            0.441983163356781,
            1.1425706148147583
          ],
          [
            0.0,
            0.0,
            0.0,
            1.0
          ]
        ],
        "parent": "Spine1",
        "length": 0.0587306022644043,
        "use_deform": true
      },
      "Spine3": {
        "head": [
          3.585204355616156e-09,
          4.271730347227276e-08,
          -8.685483265935545e-08
        ],
        "tail": [
          0.007384940516203642,
          0.12393733114004135,
          0.08238150924444199
        ],
        "matrix": [
          [
            0.9959286451339722,
            0.04956253245472908,
            -0.07529748976230621
          ],
          [
            -0.08289198577404022,
            0.8317804932594299,
            -0.5488808751106262
          ],
          [
            0.03542704880237579,
            0.5528877377510071,
            0.8325023055076599
          ]
        ],
        "matrix_local": [
          [
            0.998866081237793,
            0.03146194666624069,
            -0.0357331708073616,
            -0.424092561006546
          ],
          [
            -0.0314619280397892,
            -0.1271129846572876,
            -0.9913892149925232,
            -0.08009479194879532
          ],
          [
            -0.03573320806026459,
            0.9913893342018127,
            -0.12597915530204773,
            1.1952359676361084
          ],
          [
            0.0,
            0.0,
            0.0,
            1.0
          ]
        ],
        "parent": "Spine2",
        "length": 0.14900240302085876,
        "use_deform": true
      },
      "Neck": {
        "head": [
          2.0023435354232788e-08,
          0.06913816183805466,
          -1.1175870895385742e-08
        ],
        "tail": [
          -0.0029458091594278812,
          0.12514285743236542,
          -0.06114737689495087
        ],
        "matrix": [
          [
            0.9993585348129272,
            -0.035504281520843506,
            -0.004678195808082819
          ],
          [
            0.027431953698396683,
            0.6749903559684753,
            0.7373164296150208
          ],
          [
            -0.023020152002573013,
            -0.7369718551635742,
            0.675531268119812
          ]
        ],
        "matrix_local": [
          [
            0.9999110102653503,
            0.01210683025419712,
            -0.005614353343844414,
            -0.41722941398620605
          ],
          [
            -0.012106774374842644,
            0.6459429264068604,
            -0.7632896900177002,
            -0.10782328248023987
          ],
          [
            -0.005614480935037136,
            0.7632900476455688,
            0.6460319757461548,
            1.4114981889724731
          ],
          [
            0.0,
            0.0,
            0.0,
            1.0
          ]
        ],
        "parent": "Spine3",
        "length": 0.08297110348939896,
        "use_deform": true
      },
      "Head": {
        "head": [
          -3.002516990591175e-08,
          1.1670808319763637e-08,
          -1.4050058894099493e-08
        ],
        "tail": [
          -0.0010045431554317474,
          0.053594622761011124,
          -0.06333104521036148
        ],
        "matrix": [
          [
            0.9999109506607056,
            -0.012106777168810368,
            -0.005614470224827528
          ],
          [
            0.012106831185519695,
            0.6459428071975708,
            0.7632898688316345
          ],
          [
            -0.005614353809505701,
            -0.7632898688316345,
            0.6460317969322205
          ]
        ],
        "matrix_local": [
          [
            1.0,
            -4.656612873077393e-10,
            0.0,
            -0.4162249267101288
          ],
          [
            4.6566128730773926e-09,
            1.0,
            2.682209014892578e-07,
            -0.05422866716980934
          ],
          [
            -8.847564458847046e-09,
            2.9802322387695312e-08,
            1.000000238418579,
            1.4748291969299316
          ],
          [
            0.0,
            0.0,
            0.0,
            1.0
          ]
        ],
        "parent": "Neck",
        "length": 0.08297114074230194,
        "use_deform": true
      },
      "L_Collar": {
        "head": [
          -0.07984771579504013,
          -0.02394201047718525,
          0.013635387644171715
        ],
        "tail": [
          -0.1744581162929535,
          -0.005708182230591774,
          0.013207691721618176
        ],
        "matrix": [
          [
            0.022105056792497635,
            -0.9819205403327942,
            0.18799801170825958
          ],
          [
            0.09134446829557419,
            0.18924105167388916,
            0.9776727557182312
          ],
          [
            -0.9955739974975586,
            -0.0044388906098902225,
            0.0938761979341507
          ]
        ],
        "matrix_local": [
          [
            0.06052888184785843,
            -0.9746946096420288,
            0.2151898294687271,
            -0.5004023313522339
          ],
          [
            0.9746947884559631,
            0.011238787323236465,
            -0.22325754165649414,
            -0.10699740797281265
          ],
          [
            0.2151896059513092,
            0.22325794398784637,
            0.9507100582122803,
            1.32035493850708
          ],
          [
            0.0,
            0.0,
            0.0,
            1.0
          ]
        ],
        "parent": "Spine3",
        "length": 0.09635239094495773,
        "use_deform": true
      },
      "L_Shoulder": {
        "head": [
          1.452408060487187e-08,
          1.674711619381597e-10,
          -3.3267981702778116e-09
        ],
        "tail": [
          -0.009351616725325584,
          0.24454344809055328,
          -0.09179578721523285
        ],
        "matrix": [
          [
            0.9421045184135437,
            -0.035778991878032684,
            0.33340489864349365
          ],
          [
            -0.08566661924123764,
            0.9356138110160828,
            0.3424731194972992
          ],
          [
            -0.3241916000843048,
            -0.3512071371078491,
            0.878381073474884
          ]
        ],
        "matrix_local": [
          [
            0.07076059281826019,
            -0.9896795749664307,
            -0.12460741400718689,
            -0.5943164825439453
          ],
          [
            0.9896798133850098,
            0.05405120924115181,
            0.13271178305149078,
            -0.10591451078653336
          ],
          [
            -0.12460687756538391,
            -0.1327122151851654,
            0.9832908511161804,
            1.341866374015808
          ],
          [
            0.0,
            0.0,
            0.0,
            1.0
          ]
        ],
        "parent": "L_Collar",
        "length": 0.2613721787929535,
        "use_deform": true
      },
      "L_Elbow": {
        "head": [
          -5.1615817397987485e-08,
          -2.8189948153567457e-09,
          -6.921452744279577e-09
        ],
        "tail": [
          0.013670617714524269,
          0.23780286312103271,
          0.07391015440225601
        ],
        "matrix": [
          [
            0.9616488218307495,
            0.05481448024511337,
            -0.26875072717666626
          ],
          [
            -0.13029801845550537,
            0.9535040855407715,
            -0.2717577815055847
          ],
          [
            0.2413586676120758,
            0.29635322093963623,
            0.9240782856941223
          ]
        ],
        "matrix_local": [
          [
            0.16692505776882172,
            -0.9767126441001892,
            0.1347891390323639,
            -0.8529912233352661
          ],
          [
            0.9767127633094788,
            0.14511638879776,
            -0.1580299437046051,
            -0.09178707748651505
          ],
          [
            0.1347898542881012,
            0.15802951157093048,
            0.9781914949417114,
            1.3071790933609009
          ],
          [
            0.0,
            0.0,
            0.0,
            1.0
          ]
        ],
        "parent": "L_Shoulder",
        "length": 0.24939888715744019,
        "use_deform": true
      },
      "L_Wrist": {
        "head": [
          3.850988505860187e-08,
          -1.072956123948643e-08,
          -1.2544009564408043e-07
        ],
        "tail": [
          0.01592313125729561,
          0.04545944184064865,
          0.023245345801115036
        ],
        "matrix": [
          [
            0.8507229685783386,
            0.29772108793258667,
            -0.43316590785980225
          ],
          [
            -0.44279587268829346,
            0.8499753475189209,
            -0.28543567657470703
          ],
          [
            0.283200204372406,
            0.43463075160980225,
            0.8549232482910156
          ]
        ],
        "matrix_local": [
          [
            0.6126636266708374,
            -0.7219010591506958,
            0.3217167556285858,
            -1.096582293510437
          ],
          [
            0.721900999546051,
            0.34544867277145386,
            -0.599603533744812,
            -0.05559515580534935
          ],
          [
            0.3217180371284485,
            0.5996030569076538,
            0.7327850461006165,
            1.3465913534164429
          ],
          [
            0.0,
            0.0,
            0.0,
            1.0
          ]
        ],
        "parent": "L_Elbow",
        "length": 0.0534832589328289,
        "use_deform": true
      },
      "L_Hand_0": {
        "head": [
          -3.259629011154175e-08,
          0.051613494753837585,
          1.1920928955078125e-07
        ],
        "tail": [
          -0.006864743307232857,
          0.08236713707447052,
          -0.006135430186986923
        ],
        "matrix": [
          [
            0.9605386257171631,
            -0.21383880078792572,
            0.17787232995033264
          ],
          [
            0.17057551443576813,
            0.9579896330833435,
            0.230564147233963
          ],
          [
            -0.21970340609550476,
            -0.19112509489059448,
            0.9566617012023926
          ]
        ],
        "matrix_local": [
          [
            0.3946661949157715,
            -0.8840731382369995,
            0.25030550360679626,
            -1.1724517345428467
          ],
          [
            0.8840738534927368,
            0.2911650836467743,
            -0.36556345224380493,
            -0.019289713352918625
          ],
          [
            0.25030484795570374,
            0.36556410789489746,
            0.8964990973472595,
            1.4096077680587769
          ],
          [
            0.0,
            0.0,
            0.0,
            1.0
          ]
        ],
        "parent": "L_Wrist",
        "length": 0.03210227191448212,
        "use_deform": true
      },
      "L_Hand_1": {
        "head": [
          -1.0127298821771546e-07,
          -3.3353753536857766e-08,
          4.187628732665871e-08
        ],
        "tail": [
          -0.00314315059222281,
          0.013437304645776749,
          -0.017734315246343613
        ],
        "matrix": [
          [
            0.828976035118103,
            -0.1398710459470749,
            0.5415117144584656
          ],
          [
            -0.36517396569252014,
            0.5979844331741333,
            0.7134863138198853
          ],
          [
            -0.4236116409301758,
            -0.7892090082168579,
            0.44463738799095154
          ]
        ],
        "matrix_local": [
          [
            0.5439769625663757,
            -0.7814077138900757,
            -0.30576249957084656,
            -1.200832486152649
          ],
          [
            0.7814070582389832,
            0.3389618396759033,
            0.5239354372024536,
            -0.009942766278982162
          ],
          [
            -0.30576521158218384,
            -0.5239338874816895,
            0.7949849963188171,
            1.421343207359314
          ],
          [
            0.0,
            0.0,
            0.0,
            1.0
          ]
        ],
        "parent": "L_Hand_0",
        "length": 0.022471051663160324,
        "use_deform": true
      },
      "L_Hand_2": {
        "head": [
          1.7771006355360441e-07,
          2.453376168887189e-09,
          -7.99843178356241e-08
        ],
        "tail": [
          0.01755918748676777,
          0.007616824470460415,
          0.011773279868066311
        ],
        "matrix": [
          [
            0.5439771413803101,
            0.781406819820404,
            -0.3057650029659271
          ],
          [
            -0.7814076542854309,
            0.33896198868751526,
            -0.5239339470863342
          ],
          [
            -0.3057628571987152,
            0.5239351987838745,
            0.7949848771095276
          ]
        ],
        "matrix_local": [
          [
            0.9999998807907104,
            5.960464477539063e-08,
            3.5762786865234375e-07,
            -1.2183914184570312
          ],
          [
            2.086162567138672e-07,
            1.0000001192092896,
            2.086162567138672e-07,
            -0.002325839828699827
          ],
          [
            -2.2351741790771484e-07,
            -8.940696716308594e-08,
            1.0000001192092896,
            1.4095697402954102
          ],
          [
            0.0,
            0.0,
            0.0,
            1.0
          ]
        ],
        "parent": "L_Hand_1",
        "length": 0.022471021860837936,
        "use_deform": true
      },
      "L_Hand_3": {
        "head": [
          -0.02188260853290558,
          0.053818218410015106,
          0.009908546693623066
        ],
        "tail": [
          -0.035230860114097595,
          0.08004651963710785,
          0.0007924269884824753
        ],
        "matrix": [
          [
            0.8555888533592224,
            -0.43325620889663696,
            0.2832961082458496
          ],
          [
            0.28530353307724,
            0.8513154983520508,
            0.4402995705604553
          ],
          [
            -0.4319368302822113,
            -0.29589003324508667,
            0.8519855737686157
          ]
        ],
        "matrix_local": [
          [
            0.17926591634750366,
            -0.9751986265182495,
            0.12981052696704865,
            -1.1842622756958008
          ],
          [
            0.9751989841461182,
            0.15873441100120544,
            -0.1542409360408783,
            -0.040266282856464386
          ],
          [
            0.1298103928565979,
            0.15424123406410217,
            0.9794687032699585,
            1.4111504554748535
          ],
          [
            0.0,
            0.0,
            0.0,
            1.0
          ]
        ],
        "parent": "L_Wrist",
        "length": 0.03080914355814457,
        "use_deform": true
      },
      "L_Hand_4": {
        "head": [
          4.265181274831775e-08,
          -8.925673533610734e-09,
          -1.2595526754921593e-07
        ],
        "tail": [
          0.0032976409420371056,
          0.016225654631853104,
          -0.017171040177345276
        ],
        "matrix": [
          [
            0.7813063263893127,
            0.1382441222667694,
            0.6086452007293701
          ],
          [
            -0.5215732455253601,
            0.6802232265472412,
            0.5150316953659058
          ],
          [
            -0.34281444549560547,
            -0.7198505997657776,
            0.6035671234130859
          ]
        ],
        "matrix_local": [
          [
            0.604198157787323,
            -0.7320144176483154,
            -0.3147994875907898,
            -1.2143073081970215
          ],
          [
            0.7320135235786438,
            0.35382080078125,
            0.5822086930274963,
            -0.03537575155496597
          ],
          [
            -0.3148024380207062,
            -0.5822071433067322,
            0.7496227025985718,
            1.4159023761749268
          ],
          [
            0.0,
            0.0,
            0.0,
            1.0
          ]
        ],
        "parent": "L_Hand_3",
        "length": 0.023853441700339317,
        "use_deform": true
      },
      "L_Hand_5": {
        "head": [
          -2.99965883243658e-08,
          -1.4498953149200133e-08,
          -2.3857859687836935e-08
        ],
        "tail": [
          0.01746099628508091,
          0.00843983143568039,
          0.013887645676732063
        ],
        "matrix": [
          [
            0.6041984558105469,
            0.7320134043693542,
            -0.31480249762535095
          ],
          [
            -0.7320146560668945,
            0.35382115840911865,
            -0.5822070240974426
          ],
          [
            -0.31479960680007935,
            0.5822086334228516,
            0.7496227622032166
          ]
        ],
        "matrix_local": [
          [
            0.9999995827674866,
            0.0,
            -1.4901161193847656e-08,
            -1.2317683696746826
          ],
          [
            3.8743019104003906e-07,
            1.0,
            2.384185791015625e-07,
            -0.02693594992160797
          ],
          [
            7.450580596923828e-08,
            0.0,
            0.9999998807907104,
            1.4020147323608398
          ],
          [
            0.0,
            0.0,
            0.0,
            1.0
          ]
        ],
        "parent": "L_Hand_4",
        "length": 0.023853423073887825,
        "use_deform": true
      },
      "L_Hand_6": {
        "head": [
          -0.05679304525256157,
          0.021895989775657654,
          0.009616805240511894
        ],
        "tail": [
          -0.06716922670602798,
          0.034599725157022476,
          -0.00028597196796908975
        ],
        "matrix": [
          [
            0.7661066651344299,
            -0.5415473580360413,
            0.3461315929889679
          ],
          [
            0.13609731197357178,
            0.6630256772041321,
            0.7361211776733398
          ],
          [
            -0.6281386017799377,
            -0.5168396830558777,
            0.5816515684127808
          ]
        ],
        "matrix_local": [
          [
            0.1690341681241989,
            -0.9767012596130371,
            -0.13221734762191772,
            -1.1826997995376587
          ],
          [
            0.9767019152641296,
            0.1479966640472412,
            0.1554044783115387,
            -0.07632071524858475
          ],
          [
            -0.13221588730812073,
            -0.15540571510791779,
            0.9789628982543945,
            1.3805646896362305
          ],
          [
            0.0,
            0.0,
            0.0,
            1.0
          ]
        ],
        "parent": "L_Wrist",
        "length": 0.01916024647653103,
        "use_deform": true
      },
      "L_Hand_7": {
        "head": [
          0.0,
          0.0,
          0.0
        ],
        "tail": [
          0.0076837907545268536,
          0.015645207837224007,
          -0.007247587665915489
        ],
        "matrix": [
          [
            0.8226726651191711,
            0.4070453643798828,
            0.3968925476074219
          ],
          [
            -0.5152945518493652,
            0.8287979364395142,
            0.21809540688991547
          ],
          [
            -0.240168958902359,
            -0.3839377462863922,
            0.8915777206420898
          ]
        ],
        "matrix_local": [
          [
            0.6741031408309937,
            -0.68992018699646,
            -0.2638076841831207,
            -1.201413631439209
          ],
          [
            0.6899207234382629,
            0.46055570244789124,
            0.5584782958030701,
            -0.07348506152629852
          ],
          [
            -0.26380717754364014,
            -0.558478593826294,
            0.7864527702331543,
            1.377587080001831
          ],
          [
            0.0,
            0.0,
            0.0,
            1.0
          ]
        ],
        "parent": "L_Hand_6",
        "length": 0.01887698844075203,
        "use_deform": true
      },
      "L_Hand_8": {
        "head": [
          5.200951846973112e-08,
          8.030144726944854e-08,
          -7.710847427233603e-08
        ],
        "tail": [
          0.013023698702454567,
          0.008694004267454147,
          0.010542324744164944
        ],
        "matrix": [
          [
            0.674103319644928,
            0.6899207234382629,
            -0.2638070285320282
          ],
          [
            -0.6899203658103943,
            0.4605559706687927,
            -0.558478593826294
          ],
          [
            -0.2638079822063446,
            0.5584781169891357,
            0.7864524722099304
          ]
        ],
        "matrix_local": [
          [
            0.9999997019767761,
            5.960464477539063e-08,
            2.980232238769531e-07,
            -1.2144372463226318
          ],
          [
            5.960464477539063e-08,
            1.0000001192092896,
            2.086162567138672e-07,
            -0.06479112803936005
          ],
          [
            -4.470348358154297e-08,
            0.0,
            1.000000238418579,
            1.367044448852539
          ],
          [
            0.0,
            0.0,
            0.0,
            1.0
          ]
        ],
        "parent": "L_Hand_7",
        "length": 0.018877020105719566,
        "use_deform": true
      },
      "L_Hand_9": {
        "head": [
          -0.042226437479257584,
          0.0376720167696476,
          0.011923817917704582
        ],
        "tail": [
          -0.051819153130054474,
          0.06166539341211319,
          0.0005698734894394875
        ],
        "matrix": [
          [
            0.8945019245147705,
            -0.33987367153167725,
            0.2904343605041504
          ],
          [
            0.16010360419750214,
            0.8500946760177612,
            0.5017029047012329
          ],
          [
            -0.41741228103637695,
